object={
	name="ular_pria_city_01_ruins"
	clamp_to_water_level=yes
	render_under_water=yes
	generated_content=no
	layer="monument_layer"
	entity="ular_pria_city_01_ruins_entity"
	count=184
	transform="2003.114258 -0.898926 2414.031250 0.000000 0.000000 0.000000 1.000000 1.000000 1.000000 1.000000
1755.531494 0.012695 2384.738281 0.000000 -0.816806 0.000000 0.576913 1.000000 1.000000 1.000000
1758.628662 -0.542725 2399.306641 0.000000 -0.380588 0.000000 -0.924744 1.000000 1.000000 1.000000
1772.942017 -0.984131 2406.773926 0.000000 0.125564 0.000000 -0.992086 1.000000 1.000000 1.000000
1725.522583 -1.007813 2418.355225 0.000000 -0.616822 0.000000 -0.787103 1.000000 1.000000 1.000000
1715.790649 -1.007813 2408.588135 0.000000 0.886482 0.000000 0.462762 1.000000 1.000000 1.000000
1716.567505 -0.966797 2401.142822 0.000000 0.997103 0.000000 0.076068 1.000000 1.000000 1.000000
1747.547363 -1.007813 2432.886963 0.000000 0.995974 0.000000 0.089654 1.000000 1.000000 1.000000
1737.815430 -1.007813 2423.119873 0.000000 -0.490625 0.000000 -0.871370 1.000000 1.000000 1.000000
1738.592285 -0.966797 2415.674561 0.000000 0.849334 0.000000 -0.527855 1.000000 1.000000 1.000000
1753.689697 -0.842529 2391.616699 0.000000 -0.394287 0.000000 -0.918988 1.000000 1.000000 1.000000
1749.470215 -0.270752 2395.256592 0.000000 0.412602 0.000000 0.910911 1.000000 1.000000 1.000000
1895.126343 -1.007813 2429.212158 0.000000 0.492565 -0.000000 -0.870276 1.000000 1.000000 1.000000
1885.394409 -1.007813 2419.445068 0.000000 -0.998310 0.000000 -0.058107 1.000000 1.000000 1.000000
1886.171265 -0.966797 2411.999756 0.000000 0.848248 0.000000 0.529600 1.000000 1.000000 1.000000
1725.696899 -1.001221 2412.839600 0.000000 0.898241 0.000000 -0.439504 1.000000 1.000000 1.000000
1729.560669 -1.001221 2408.824219 0.000000 -0.889264 0.000000 0.457395 1.000000 1.000000 1.000000
1872.697754 -1.007813 2352.491943 0.000000 0.492565 -0.000000 -0.870276 1.000000 1.000000 1.000000
1862.965820 -1.007813 2342.724854 0.000000 -0.998310 0.000000 -0.058107 1.000000 1.000000 1.000000
1863.742676 -0.966797 2335.279541 0.000000 0.848248 0.000000 0.529600 1.000000 1.000000 1.000000
1747.721680 -1.001221 2427.371338 0.000000 0.993062 0.000000 -0.117591 1.000000 1.000000 1.000000
1751.585449 -1.001221 2423.355957 0.000000 -0.594656 0.000000 0.803980 1.000000 1.000000 1.000000
1866.674561 -1.007813 2332.142578 0.000000 -0.654555 0.000000 0.756015 1.000000 1.000000 1.000000
1856.942627 -1.007813 2322.375488 0.000000 0.643983 0.000000 -0.765040 1.000000 1.000000 1.000000
1857.719482 -0.966797 2314.930176 0.000000 -0.458560 0.000000 0.888664 1.000000 1.000000 1.000000
1895.300659 -1.001221 2423.696533 0.000000 0.815365 0.000000 -0.578948 1.000000 1.000000 1.000000
1899.164429 -1.001221 2419.681152 0.000000 0.345059 0.000000 -0.938581 1.000000 1.000000 1.000000
1916.829834 -1.007813 2338.819824 0.000000 -0.963423 0.000000 0.267989 1.000000 1.000000 1.000000
1907.097900 -1.007813 2329.052734 0.000000 0.658468 0.000000 0.752608 1.000000 1.000000 1.000000
1907.874756 -0.966797 2321.607422 0.000000 0.993383 0.000000 0.114846 1.000000 1.000000 1.000000
1872.872070 -1.001221 2346.976318 0.000000 0.815365 0.000000 -0.578948 1.000000 1.000000 1.000000
1876.735840 -1.001221 2342.960938 0.000000 0.345059 0.000000 -0.938581 1.000000 1.000000 1.000000
1907.190918 -1.007813 2309.185303 0.000000 -0.963423 0.000000 0.267989 1.000000 1.000000 1.000000
1897.458984 -1.007813 2299.418213 0.000000 0.658468 0.000000 0.752608 1.000000 1.000000 1.000000
1898.235840 -0.966797 2291.972900 0.000000 0.993383 0.000000 0.114846 1.000000 1.000000 1.000000
1866.848877 -1.001221 2326.626953 0.000000 0.776648 0.000000 -0.629936 1.000000 1.000000 1.000000
1870.712646 -1.001221 2322.611572 0.000000 0.211435 -0.000000 -0.977392 1.000000 1.000000 1.000000
1931.130615 -1.007813 2198.756348 0.000000 -0.963423 0.000000 0.267989 1.000000 1.000000 1.000000
1921.398682 -1.007813 2188.989258 0.000000 0.658468 0.000000 0.752608 1.000000 1.000000 1.000000
1922.175537 -0.966797 2181.543945 0.000000 0.993383 0.000000 0.114846 1.000000 1.000000 1.000000
1917.004150 -1.001221 2333.304199 0.000000 -0.538781 0.000000 0.842446 1.000000 1.000000 1.000000
1920.867920 -1.001221 2329.288818 0.000000 -0.909592 0.000000 0.415502 1.000000 1.000000 1.000000
1903.050293 -1.007813 2186.027832 0.000000 -0.501548 0.000000 0.865130 1.000000 1.000000 1.000000
1893.318359 -1.007813 2176.260742 0.000000 0.995228 0.000000 -0.097573 1.000000 1.000000 1.000000
1894.095215 -0.966797 2168.815430 0.000000 -0.381062 0.000000 0.924550 1.000000 1.000000 1.000000
1907.365234 -1.001221 2303.669678 0.000000 -0.538781 0.000000 0.842446 1.000000 1.000000 1.000000
1911.229004 -1.001221 2299.654297 0.000000 -0.909592 0.000000 0.415502 1.000000 1.000000 1.000000
1882.391602 -1.007813 2152.258301 0.000000 -0.501548 0.000000 0.865130 1.000000 1.000000 1.000000
1872.659668 -1.007813 2142.491211 0.000000 0.995228 0.000000 -0.097573 1.000000 1.000000 1.000000
1873.436523 -0.966797 2135.045898 0.000000 -0.381062 0.000000 0.924550 1.000000 1.000000 1.000000
1931.304932 -1.001221 2193.240723 0.000000 -0.538781 0.000000 0.842446 1.000000 1.000000 1.000000
1935.168701 -1.001221 2189.225342 0.000000 -0.909592 0.000000 0.415502 1.000000 1.000000 1.000000
1884.271118 -1.007813 2125.860107 0.000000 0.891526 0.000000 -0.452971 1.000000 1.000000 1.000000
1874.539185 -1.007813 2116.093018 0.000000 -0.973149 0.000000 0.230177 1.000000 1.000000 1.000000
1875.316040 -0.966797 2108.647705 0.000000 0.426006 0.000000 0.904721 1.000000 1.000000 1.000000
1903.224609 -1.001221 2180.512207 0.000000 -0.798743 0.000000 0.601672 1.000000 1.000000 1.000000
1907.088379 -1.001221 2176.496826 0.000000 0.476626 0.000000 -0.879106 1.000000 1.000000 1.000000
1904.740479 -1.007813 2151.947266 0.000000 -0.936563 0.000000 -0.350501 1.000000 1.000000 1.000000
1895.008545 -1.007813 2142.180176 0.000000 0.153274 -0.000000 -0.988184 1.000000 1.000000 1.000000
1895.785400 -0.966797 2134.734863 0.000000 0.951609 0.000000 0.307312 1.000000 1.000000 1.000000
1882.565918 -1.001221 2146.742676 0.000000 -0.798743 0.000000 0.601672 1.000000 1.000000 1.000000
1886.429688 -1.001221 2142.727295 0.000000 0.476626 0.000000 -0.879106 1.000000 1.000000 1.000000
1920.621094 -1.007813 2143.417725 0.000000 0.443933 0.000000 0.896061 1.000000 1.000000 1.000000
1910.889160 -1.007813 2133.650635 0.000000 -0.289210 0.000000 0.957266 1.000000 1.000000 1.000000
1911.666016 -0.966797 2126.205322 0.000000 -0.424099 0.000000 -0.905616 1.000000 1.000000 1.000000
1884.445435 -1.001221 2120.344482 0.000000 0.021573 0.000000 -0.999767 1.000000 1.000000 1.000000
1888.309204 -1.001221 2116.329102 0.000000 -0.024397 0.000000 0.999702 1.000000 1.000000 1.000000
2043.137939 -1.007813 2292.347900 0.000000 0.443933 0.000000 0.896061 1.000000 1.000000 1.000000
2033.406006 -1.007813 2282.580811 0.000000 -0.289210 0.000000 0.957266 1.000000 1.000000 1.000000
2034.182861 -0.966797 2275.135498 0.000000 -0.424099 0.000000 -0.905616 1.000000 1.000000 1.000000
1904.914795 -1.001221 2146.431641 0.000000 0.459602 0.000000 0.888125 1.000000 1.000000 1.000000
1908.778564 -1.001221 2142.416260 0.000000 0.465824 0.000000 0.884878 1.000000 1.000000 1.000000
2029.210327 -1.007813 2261.189941 0.000000 0.443933 0.000000 0.896061 1.000000 1.000000 1.000000
2019.478394 -1.007813 2251.422852 0.000000 -0.289210 0.000000 0.957266 1.000000 1.000000 1.000000
2020.255249 -0.966797 2243.977539 0.000000 -0.424099 0.000000 -0.905616 1.000000 1.000000 1.000000
1920.795410 -1.001221 2137.902100 0.000000 0.501367 0.000000 -0.865235 1.000000 1.000000 1.000000
1924.659180 -1.001221 2133.886719 0.000000 -0.924925 0.000000 0.380149 1.000000 1.000000 1.000000
2023.381226 -1.007813 2248.495361 0.000000 0.861026 0.000000 0.508563 1.000000 1.000000 1.000000
2013.649292 -1.007813 2238.728271 0.000000 -0.684294 0.000000 0.729207 1.000000 1.000000 1.000000
2014.426147 -0.966797 2231.282959 0.000000 0.995384 0.000000 0.095970 1.000000 1.000000 1.000000
2043.312256 -1.001221 2286.832275 0.000000 0.501367 0.000000 -0.865235 1.000000 1.000000 1.000000
2047.176025 -1.001221 2282.816895 0.000000 -0.924925 0.000000 0.380149 1.000000 1.000000 1.000000
2114.250244 -1.007813 2499.588623 0.000000 0.861026 0.000000 0.508563 1.000000 1.000000 1.000000
2104.518311 -1.007813 2489.821533 0.000000 -0.684294 0.000000 0.729207 1.000000 1.000000 1.000000
2105.295166 -0.966797 2482.376221 0.000000 0.995384 0.000000 0.095970 1.000000 1.000000 1.000000
2029.384644 -1.001221 2255.674316 0.000000 0.501367 0.000000 -0.865235 1.000000 1.000000 1.000000
2033.248413 -1.001221 2251.658936 0.000000 -0.924925 0.000000 0.380149 1.000000 1.000000 1.000000
2130.263428 -1.007813 2511.020996 0.000000 -0.936743 0.000000 0.350021 1.000000 1.000000 1.000000
2120.531494 -1.007813 2501.253906 -0.000000 0.000676 0.000000 1.000000 1.000000 1.000000 1.000000
2121.308350 -0.966797 2493.808594 0.000000 0.960094 0.000000 -0.279677 1.000000 1.000000 1.000000
2023.555542 -1.001221 2242.979736 0.000000 0.999298 0.000000 -0.037476 1.000000 1.000000 1.000000
2027.419312 -1.001221 2238.964355 0.000000 0.381343 0.000000 -0.924434 1.000000 1.000000 1.000000
2109.739990 -1.007813 2511.937256 0.000000 -0.420360 0.000000 -0.907358 1.000000 1.000000 1.000000
2100.008057 -1.007813 2502.170166 0.000000 -0.285877 0.000000 -0.958266 1.000000 1.000000 1.000000
2100.784912 -0.966797 2494.724854 0.000000 0.365599 0.000000 0.930773 1.000000 1.000000 1.000000
2114.424561 -1.001221 2494.072998 0.000000 0.999298 0.000000 -0.037476 1.000000 1.000000 1.000000
2118.288330 -1.001221 2490.057617 0.000000 0.381343 0.000000 -0.924434 1.000000 1.000000 1.000000
2194.491455 -1.007813 2530.524658 0.000000 -0.420360 0.000000 -0.907358 1.000000 1.000000 1.000000
2184.759521 -1.007813 2520.757568 0.000000 -0.285877 0.000000 -0.958266 1.000000 1.000000 1.000000
2185.536377 -0.966797 2513.312256 0.000000 0.365599 0.000000 0.930773 1.000000 1.000000 1.000000
2130.437744 -1.001221 2505.505371 0.000000 -0.512133 0.000000 -0.858906 1.000000 1.000000 1.000000
2134.301514 -1.001221 2501.489990 0.000000 -0.370761 0.000000 -0.928728 1.000000 1.000000 1.000000
2172.455078 -1.007813 2528.716797 0.000000 0.818309 0.000000 0.574780 1.000000 1.000000 1.000000
2162.723145 -1.007813 2518.949707 0.000000 0.421766 0.000000 0.906704 1.000000 1.000000 1.000000
2163.500000 -0.966797 2511.504395 0.000000 0.946372 0.000000 -0.323080 1.000000 1.000000 1.000000
2109.914307 -1.001221 2506.421631 0.000000 0.709477 0.000000 -0.704729 1.000000 1.000000 1.000000
2113.778076 -1.001221 2502.406250 0.000000 0.717774 0.000000 0.696276 1.000000 1.000000 1.000000
1694.491821 -1.007813 2593.579590 0.000000 0.818309 0.000000 0.574780 1.000000 1.000000 1.000000
1684.759888 -1.007813 2583.812500 0.000000 0.421766 0.000000 0.906704 1.000000 1.000000 1.000000
1685.536743 -0.966797 2576.367188 0.000000 0.946372 0.000000 -0.323080 1.000000 1.000000 1.000000
2194.665771 -1.001221 2525.009033 0.000000 0.709477 0.000000 -0.704729 1.000000 1.000000 1.000000
2198.529541 -1.001221 2520.993652 0.000000 0.717774 0.000000 0.696276 1.000000 1.000000 1.000000
1956.086792 -1.007813 2496.078613 0.000000 -0.151794 0.000000 0.988413 1.000000 1.000000 1.000000
1946.354858 -1.007813 2486.311523 -0.000000 -0.861953 0.000000 0.506988 1.000000 1.000000 1.000000
1947.131714 -0.966797 2478.866211 0.000000 0.964728 0.000000 -0.263250 1.000000 1.000000 1.000000
2172.629395 -1.001221 2523.201172 -0.000000 0.148691 0.000000 0.988884 1.000000 1.000000 1.000000
2176.493164 -1.001221 2519.185791 0.000000 0.787652 0.000000 -0.616120 1.000000 1.000000 1.000000
1942.151855 -1.007813 2522.082520 0.000000 -0.453378 0.000000 0.891319 1.000000 1.000000 1.000000
1932.419922 -1.007813 2512.315430 0.000000 0.706916 0.000000 -0.707297 1.000000 1.000000 1.000000
1933.196777 -0.966797 2504.870117 0.000000 -0.767017 -0.000000 -0.641627 1.000000 1.000000 1.000000
1694.666382 -1.001221 2588.063965 -0.000000 0.148691 0.000000 0.988884 1.000000 1.000000 1.000000
1698.530151 -1.001221 2584.048584 0.000000 0.787652 0.000000 -0.616120 1.000000 1.000000 1.000000
1956.066772 -1.007813 2518.088623 0.000000 0.935124 0.000000 -0.354322 1.000000 1.000000 1.000000
1946.334839 -1.007813 2508.321533 0.000000 -0.997559 0.000000 -0.069830 1.000000 1.000000 1.000000
1947.111694 -0.966797 2500.876221 0.000000 -0.247399 0.000000 0.968914 1.000000 1.000000 1.000000
1956.261353 -1.001221 2490.562988 0.000000 -0.788890 0.000000 -0.614534 1.000000 1.000000 1.000000
1960.125122 -1.001221 2486.547607 0.000000 -0.673567 0.000000 -0.739126 1.000000 1.000000 1.000000
1707.205688 -1.007813 2547.689209 0.000000 0.935124 0.000000 -0.354322 1.000000 1.000000 1.000000
1697.473755 -1.007813 2537.922119 0.000000 -0.997559 0.000000 -0.069830 1.000000 1.000000 1.000000
1698.250610 -0.966797 2530.476807 0.000000 -0.247399 0.000000 0.968914 1.000000 1.000000 1.000000
1942.326416 -1.001221 2516.566895 0.000000 0.898169 0.000000 -0.439651 1.000000 1.000000 1.000000
1946.190186 -1.001221 2512.551514 0.000000 -0.551502 0.000000 0.834174 1.000000 1.000000 1.000000
1684.082520 -1.007813 2624.628174 0.000000 0.935124 0.000000 -0.354322 1.000000 1.000000 1.000000
1674.350586 -1.007813 2614.861084 0.000000 -0.997559 0.000000 -0.069830 1.000000 1.000000 1.000000
1675.127441 -0.966797 2607.415771 0.000000 -0.247399 0.000000 0.968914 1.000000 1.000000 1.000000
1956.241333 -1.001221 2512.572998 0.000000 -0.405810 0.000000 -0.913958 1.000000 1.000000 1.000000
1960.105103 -1.001221 2508.557617 0.000000 0.630996 0.000000 0.775786 1.000000 1.000000 1.000000
2077.413818 -1.007813 2353.428711 0.000000 -0.792533 0.000000 -0.609830 1.000000 1.000000 1.000000
2067.681885 -1.007813 2343.661621 0.000000 0.000000 0.000000 1.000000 1.000000 1.000000 1.000000
2068.458740 -0.966797 2336.216309 0.000000 -0.402984 0.000000 0.915207 1.000000 1.000000 1.000000
1707.380249 -1.001221 2542.173584 0.000000 -0.405810 0.000000 -0.913958 1.000000 1.000000 1.000000
1711.244019 -1.001221 2538.158203 0.000000 0.630996 0.000000 0.775786 1.000000 1.000000 1.000000
2101.405029 -1.007080 2354.202881 0.000000 0.634162 0.000000 -0.773200 1.000000 1.000000 1.000000
2098.193604 -0.509521 2363.329346 0.000000 0.540477 0.000000 0.841359 1.000000 1.000000 1.000000
2097.250244 -0.509521 2356.643066 0.000000 0.206806 0.000000 -0.978382 1.000000 1.000000 1.000000
1684.257080 -1.001221 2619.112549 0.000000 -0.405810 0.000000 -0.913958 1.000000 1.000000 1.000000
1688.120850 -1.001221 2615.097168 0.000000 0.630996 0.000000 0.775786 1.000000 1.000000 1.000000
2111.428711 -0.509521 2355.562256 0.000000 0.000000 0.000000 1.000000 1.000000 1.000000 1.000000
2094.760742 -0.173828 2359.865479 0.000000 0.000000 0.000000 1.000000 1.000000 1.000000 1.000000
2122.142578 -0.173828 2373.457031 0.000000 0.000000 0.000000 1.000000 1.000000 1.000000 1.000000
2077.588379 -1.001221 2347.913086 0.000000 0.525053 0.000000 0.851069 1.000000 1.000000 1.000000
2081.452148 -1.001221 2343.897705 0.000000 0.000000 0.000000 1.000000 1.000000 1.000000 1.000000
1927.483521 -1.024414 2532.819092 0.000000 -0.999924 0.000000 0.012335 1.000000 1.000000 1.000000
1938.184570 -1.024414 2531.343018 0.000000 0.938674 0.000000 0.344805 1.000000 1.000000 1.000000
1934.389893 -1.024414 2535.488281 0.000000 0.141716 0.000000 -0.989907 1.000000 1.000000 1.000000
1618.102905 -1.024414 2623.048584 0.000000 0.141716 0.000000 -0.989907 1.000000 1.000000 1.000000
1616.813843 -1.024414 2625.871338 0.000000 0.952405 0.000000 0.304836 1.000000 1.000000 1.000000
1627.605103 -1.024414 2647.675049 0.000000 0.952405 0.000000 0.304836 1.000000 1.000000 1.000000
1632.295532 -1.024414 2597.428711 0.000000 0.952405 0.000000 0.304836 1.000000 1.000000 1.000000
1627.079468 -1.024414 2597.093994 0.000000 0.201689 0.000000 -0.979449 1.000000 1.000000 1.000000
1629.534302 -1.024414 2592.756836 0.000000 0.973450 0.000000 -0.228899 1.000000 1.000000 1.000000
1643.313721 -1.024414 2573.984863 0.000000 0.973450 0.000000 -0.228899 1.000000 1.000000 1.000000
1720.976318 -1.024414 2452.865479 0.000000 0.973450 0.000000 -0.228899 1.000000 1.000000 1.000000
1716.170044 -1.024414 2454.006836 0.000000 -0.997322 0.000000 -0.073138 1.000000 1.000000 1.000000
1715.029541 -1.024414 2450.998779 0.000000 0.999800 0.000000 0.020004 1.000000 1.000000 1.000000
1690.194092 -1.024414 2443.533936 0.000000 0.999800 0.000000 0.020004 1.000000 1.000000 1.000000
2028.323364 -1.024414 2390.489990 0.000000 0.999800 0.000000 0.020004 1.000000 1.000000 1.000000
2027.877808 -1.024414 2384.787354 0.000000 0.631393 0.000000 0.775463 1.000000 1.000000 1.000000
2027.064941 -1.024414 2380.069336 0.000000 -0.598929 0.000000 -0.800802 1.000000 1.000000 1.000000
1970.857056 -1.024414 2439.478760 0.000000 -0.598929 0.000000 -0.800802 1.000000 1.000000 1.000000
1973.695313 -1.024414 2443.424805 0.000000 0.035340 0.000000 -0.999375 1.000000 1.000000 1.000000
1983.936035 -1.024414 2443.208984 0.000000 0.035340 0.000000 -0.999375 1.000000 1.000000 1.000000
1976.553589 -1.024414 2434.905518 0.000000 0.974279 0.000000 0.225344 1.000000 1.000000 1.000000
1972.838013 -1.024414 2423.334229 0.000000 0.963229 0.000000 -0.268683 1.000000 1.000000 1.000000
2013.346191 -1.024414 2844.151367 0.000000 0.963229 0.000000 -0.268683 1.000000 1.000000 1.000000
2016.326294 -1.024414 2841.672607 0.000000 -0.772578 0.000000 -0.634919 1.000000 1.000000 1.000000
1755.640625 -1.024414 2535.378662 0.000000 -0.772578 0.000000 -0.634919 1.000000 1.000000 1.000000
1770.339478 -1.024414 2529.611328 0.000000 -0.069807 0.000000 -0.997560 1.000000 1.000000 1.000000
1775.978882 -1.024414 2534.018555 0.000000 0.396945 0.000000 -0.917842 1.000000 1.000000 1.000000
1645.602295 -1.024414 2609.294189 0.000000 0.396945 0.000000 -0.917842 1.000000 1.000000 1.000000
1652.578125 -1.024414 2611.659912 0.000000 -0.169088 -0.000000 -0.985601 1.000000 1.000000 1.000000
1670.347168 -1.024414 2627.341309 0.000000 -0.169088 -0.000000 -0.985601 1.000000 1.000000 1.000000
1675.915527 -0.996826 2631.864014 0.000000 -0.128233 0.000000 0.991744 1.000000 1.000000 1.000000
1684.318726 -0.996826 2630.945557 0.000000 -0.128233 0.000000 0.991744 1.000000 1.000000 1.000000
"}
object={
	name="ular_pria_city_wonder"
	clamp_to_water_level=yes
	render_under_water=yes
	generated_content=no
	layer="monument_layer"
	entity="ular_pria_city_wonder_entity"
	count=2
	transform="1627.435303 -0.615479 2659.906738 0.000000 -0.012863 0.000000 0.999917 0.382815 0.382815 0.382815
1644.243164 -0.055176 2627.730225 0.000000 -0.087161 0.000000 -0.996194 0.341951 0.341951 0.341951
"}
object={
	name="ular_pria_pyramid_01"
	clamp_to_water_level=yes
	render_under_water=yes
	generated_content=no
	layer="monument_layer"
	entity="ular_pria_pyramid_01_entity"
	count=5
	transform="2081.976318 -1.176758 2671.706543 0.000000 0.580236 0.000000 0.814448 1.000000 1.000000 1.000000
1709.101685 -3.137939 2393.492676 0.000000 0.000000 0.000000 1.000000 1.000000 1.000000 1.000000
1969.704712 -0.095215 2555.896973 0.000000 0.364000 0.000000 0.931399 0.882417 0.882417 0.882417
1653.406128 -3.577148 2659.040283 0.000000 0.422902 0.000000 0.906175 1.717502 1.717502 1.717502
1654.465332 -1.226074 2628.591309 0.000000 -0.718653 0.000000 -0.695369 1.004534 1.004534 1.004534
"}
object={
	name="ular_pria_pyramid_01_ruins"
	clamp_to_water_level=yes
	render_under_water=yes
	generated_content=no
	layer="monument_layer"
	entity="ular_pria_pyramid_01_ruins_entity"
	count=37
	transform="1968.500732 -3.234619 2405.176758 0.000000 0.652896 0.000000 -0.757448 1.000000 1.000000 1.000000
2049.572021 -1.953369 2304.337646 0.000000 0.063179 0.000000 0.998002 0.621733 0.621733 0.621733
1807.048950 -0.258545 2523.047852 0.000000 -0.070468 0.000000 0.997514 0.952344 0.952344 0.952344
1750.487427 -1.935791 2404.025146 0.000000 -0.723212 0.000000 0.690627 1.223633 1.223633 1.223633
2102.271240 -0.919189 2361.679688 0.000000 0.206541 0.000000 0.978438 1.000000 1.000000 1.000000
1760.050659 -2.187012 2392.696533 0.000000 0.971090 0.000000 0.238714 1.000000 1.000000 1.000000
1719.500610 -3.207520 2413.557129 -0.000000 -0.190122 0.000000 0.981760 1.000000 1.000000 1.000000
1741.525391 -3.207520 2428.088867 0.000000 -0.657586 0.000000 -0.753379 1.000000 1.000000 1.000000
1889.104370 -3.207520 2424.414063 0.000000 0.451005 0.000000 0.892521 1.000000 1.000000 1.000000
1866.675781 -3.207520 2347.693848 0.000000 0.451005 0.000000 0.892521 1.000000 1.000000 1.000000
1860.652588 -3.207520 2327.344482 0.000000 0.995462 0.000000 -0.095161 1.000000 1.000000 1.000000
1910.807861 -3.207520 2334.021729 0.000000 -0.036555 0.000000 0.999331 1.000000 1.000000 1.000000
1901.168945 -3.207520 2304.387207 0.000000 -0.036555 0.000000 0.999331 1.000000 1.000000 1.000000
1925.108643 -3.207520 2193.958252 0.000000 -0.036555 0.000000 0.999331 1.000000 1.000000 1.000000
1897.028320 -3.207520 2181.229736 0.000000 -0.320468 0.000000 0.947259 1.000000 1.000000 1.000000
1876.369629 -3.207520 2147.460205 0.000000 -0.320468 0.000000 0.947259 1.000000 1.000000 1.000000
1878.249146 -3.207520 2121.062012 0.000000 -0.567462 0.000000 -0.823399 1.000000 1.000000 1.000000
1898.718506 -3.207520 2147.149170 0.000000 -0.861953 0.000000 -0.506988 1.000000 1.000000 1.000000
1914.599121 -3.207520 2138.619629 0.000000 0.328177 0.000000 0.944616 1.000000 1.000000 1.000000
2037.115967 -3.207520 2287.549805 0.000000 0.328177 0.000000 0.944616 1.000000 1.000000 1.000000
2023.188354 -3.207520 2256.391846 0.000000 0.328177 0.000000 0.944616 1.000000 1.000000 1.000000
2017.359253 -3.207520 2243.697266 0.000000 -0.087993 0.000000 0.996121 1.000000 1.000000 1.000000
2108.228271 -3.207520 2494.790527 0.000000 -0.087993 0.000000 0.996121 1.000000 1.000000 1.000000
2124.241455 -3.207520 2506.222900 0.000000 0.810654 0.000000 0.585525 1.000000 1.000000 1.000000
2103.718018 -3.207520 2507.139160 0.000000 0.856756 0.000000 0.515722 1.000000 1.000000 1.000000
2188.469482 -3.207520 2525.726563 0.000000 0.856756 0.000000 0.515722 1.000000 1.000000 1.000000
2166.433105 -3.207520 2523.918701 -0.000000 -0.721499 0.000000 0.692415 1.000000 1.000000 1.000000
1688.469849 -3.207520 2588.781494 -0.000000 -0.721499 0.000000 0.692415 1.000000 1.000000 1.000000
1950.064819 -3.207520 2491.280518 0.000000 -0.562569 0.000000 -0.826750 1.000000 1.000000 1.000000
1936.129883 -3.207520 2517.284424 0.000000 0.694698 0.000000 0.719302 1.000000 1.000000 1.000000
1950.044800 -3.207520 2513.290527 0.000000 -0.633289 0.000000 -0.773915 1.000000 1.000000 1.000000
1701.183716 -3.207520 2542.891113 0.000000 -0.633289 0.000000 -0.773915 1.000000 1.000000 1.000000
1678.060547 -3.207520 2619.830078 0.000000 -0.633289 0.000000 -0.773915 1.000000 1.000000 1.000000
2071.391846 -3.207520 2348.630615 0.000000 -0.780449 0.000000 0.625219 1.000000 1.000000 1.000000
2089.691650 -1.581543 2373.256836 0.000000 -0.573307 -0.000000 -0.819340 1.000000 1.000000 1.000000
2034.071167 -2.015869 2190.784912 0.000000 -0.288438 0.000000 -0.957498 1.540340 1.540340 1.540340
1734.573364 -0.583252 2515.450439 0.000000 -0.969721 0.000000 0.244215 1.000000 1.000000 1.000000
"}
object={
	name="ular_pria_pyramid_02"
	clamp_to_water_level=yes
	render_under_water=yes
	generated_content=no
	layer="monument_layer"
	entity="ular_pria_pyramid_02_entity"
	count=5
	transform="2026.653687 -0.533691 2859.088623 0.000000 0.603261 0.000000 0.797544 1.109277 1.109277 1.109277
1778.703613 -2.072754 2523.726074 0.000000 0.000000 0.000000 1.000000 1.000000 1.000000 1.000000
2032.745972 0.000000 2838.329346 0.000000 0.338155 0.000000 0.941091 1.000000 1.000000 1.000000
1633.555664 -0.379150 2660.333984 0.000000 0.690048 0.000000 0.723764 1.000000 1.000000 1.000000
1638.947510 -0.224121 2631.275146 0.000000 0.000000 0.000000 1.000000 1.000000 1.000000 1.000000
"}
object={
	name="ular_pria_pyramid_02_ruins"
	clamp_to_water_level=yes
	render_under_water=yes
	generated_content=no
	layer="monument_layer"
	entity="ular_pria_pyramid_02_ruins_entity"
	count=37
	transform="1978.812134 -2.724609 2407.778809 0.000000 0.206387 0.000000 0.978470 1.000000 1.000000 1.000000
1981.493042 -1.969360 2235.647461 0.000000 -0.517028 0.000000 0.855968 1.000000 1.000000 1.000000
1838.955200 -0.161133 2588.242188 0.000000 -0.298860 0.000000 0.954297 1.000000 1.000000 1.000000
1897.867920 -0.349365 2594.451172 0.000000 -0.348603 0.000000 -0.937270 1.000000 1.000000 1.000000
1906.646606 -1.447266 2314.423340 0.000000 0.000000 0.000000 1.000000 1.000000 1.000000 1.000000
1751.841309 -1.630615 2387.385498 0.000000 0.535511 0.000000 0.844528 1.000000 1.000000 1.000000
1725.868286 -2.651123 2418.188965 0.000000 -0.816850 0.000000 0.576850 1.000000 1.000000 1.000000
1747.893066 -2.651123 2432.720703 0.000000 0.416793 -0.000000 -0.909002 1.000000 1.000000 1.000000
1895.472046 -2.651123 2429.045898 0.000000 -0.923435 0.000000 0.383755 1.000000 1.000000 1.000000
1873.043457 -2.651123 2352.325684 0.000000 -0.923435 0.000000 0.383755 1.000000 1.000000 1.000000
1867.020264 -2.651123 2331.976318 0.000000 0.637496 -0.000000 -0.770454 1.000000 1.000000 1.000000
1917.175537 -2.651123 2338.653564 0.000000 -0.691650 0.000000 0.722233 1.000000 1.000000 1.000000
1907.536621 -2.651123 2309.019043 0.000000 -0.691650 0.000000 0.722233 1.000000 1.000000 1.000000
1931.476318 -2.651123 2198.590088 0.000000 -0.691650 0.000000 0.722233 1.000000 1.000000 1.000000
1903.395996 -2.651123 2185.861572 0.000000 -0.951538 0.000000 -0.307532 1.000000 1.000000 1.000000
1882.737305 -2.651123 2152.092041 0.000000 -0.951538 0.000000 -0.307532 1.000000 1.000000 1.000000
1884.616821 -2.651123 2125.693848 0.000000 0.379084 0.000000 0.925362 1.000000 1.000000 1.000000
1905.086182 -2.651123 2151.781006 0.000000 -0.141169 0.000000 0.989986 1.000000 1.000000 1.000000
1920.966797 -2.651123 2143.251465 0.000000 0.472214 0.000000 -0.881484 1.000000 1.000000 1.000000
2043.483643 -2.651123 2292.181641 0.000000 0.472214 0.000000 -0.881484 1.000000 1.000000 1.000000
2029.556030 -2.651123 2261.023682 0.000000 0.472214 0.000000 -0.881484 1.000000 1.000000 1.000000
2023.726929 -2.651123 2248.329102 0.000000 0.614412 0.000000 -0.788985 1.000000 1.000000 1.000000
2114.595947 -2.651123 2499.422363 0.000000 0.614412 0.000000 -0.788985 1.000000 1.000000 1.000000
2130.609131 -2.651123 2510.854736 0.000000 0.051404 0.000000 -0.998678 1.000000 1.000000 1.000000
2110.085693 -2.651123 2511.770996 0.000000 -0.881100 -0.000000 -0.472929 1.000000 1.000000 1.000000
2194.837158 -2.651123 2530.358398 0.000000 -0.881100 -0.000000 -0.472929 1.000000 1.000000 1.000000
2172.800781 -2.651123 2528.550537 0.000000 -0.410129 0.000000 0.912028 1.000000 1.000000 1.000000
1694.837769 -2.651123 2593.413330 0.000000 -0.410129 0.000000 0.912028 1.000000 1.000000 1.000000
1956.432739 -2.651123 2495.912354 0.000000 -0.692344 0.000000 0.721567 1.000000 1.000000 1.000000
1942.497803 -2.651123 2521.916260 -0.000000 0.759182 0.000000 0.650879 1.000000 1.000000 1.000000
1956.412720 -2.651123 2517.922363 0.000000 -0.944607 0.000000 -0.328203 1.000000 1.000000 1.000000
1707.551636 -2.651123 2547.522949 0.000000 -0.944607 0.000000 -0.328203 1.000000 1.000000 1.000000
1684.428467 -2.651123 2624.461914 0.000000 -0.944607 0.000000 -0.328203 1.000000 1.000000 1.000000
2077.759766 -2.651123 2353.262451 0.000000 0.145658 -0.000000 -0.989335 1.000000 1.000000 1.000000
2105.224854 -0.905029 2352.642334 0.000000 0.114585 0.000000 0.993413 1.000000 1.000000 1.000000
2105.488770 0.000000 2387.659424 0.000000 -0.918526 0.000000 -0.395361 1.000000 1.000000 1.000000
2105.488770 0.000000 2387.659424 0.000000 -0.918526 0.000000 -0.395361 1.000000 1.000000 1.000000
"}
object={
	name="wonder_baetep_pyramid"
	clamp_to_water_level=yes
	render_under_water=yes
	generated_content=no
	layer="monument_layer"
	entity="wonder_giza_entity"
	count=1
	transform="2364.155029 -0.453735 1784.260986 0.000000 -0.686336 0.000000 0.727285 1.000000 1.000000 1.000000
"}
object={
	name="wonder_barramunatko_01"
	clamp_to_water_level=yes
	render_under_water=yes
	generated_content=no
	layer="monument_layer"
	entity="wonder_barramunatko_01_entity"
	count=3
	transform="2479.008545 0.000000 1930.771118 0.000000 -0.707275 0.000000 -0.706939 0.388733 0.388733 0.388733
2621.096436 -0.078125 1979.756470 0.000000 -0.996257 0.000000 0.086435 0.468835 0.468835 0.468835
1906.927002 0.000000 1854.298096 0.000000 0.035164 0.000000 0.999382 0.478162 0.478162 0.478162
"}
object={
	name="wonder_stonehenge_entity"
	clamp_to_water_level=yes
	render_under_water=no
	generated_content=no
	layer="monument_layer"
	pdxmesh="wonder_stonehenge_mesh"
	count=3
	transform="1385.972656 -0.575195 1363.186890 0.000000 0.000000 0.000000 1.000000 1.000000 1.000000 1.000000
1192.057739 0.000000 1652.020996 0.000000 -0.598088 0.000000 0.801430 1.000000 1.000000 1.000000
1160.144287 0.000000 1582.569702 0.000000 0.000000 0.000000 1.000000 1.000000 1.000000 1.000000
"}
object={
	name="wonder_temple_of_jupiter"
	clamp_to_water_level=yes
	render_under_water=no
	generated_content=no
	layer="monument_layer"
	entity="wonder_temple_of_jupiter_entity"
	count=1
	transform="2476.780762 0.000000 1942.318481 0.000000 0.775245 0.000000 0.631663 0.799043 0.799043 0.799043
"}
object={
	name="zani_aqueduct_ruins"
	clamp_to_water_level=yes
	render_under_water=yes
	generated_content=no
	layer="monument_layer"
	entity="zani_aqueduct_ruins_entity"
	count=2
	transform="1963.076782 0.000000 1429.378296 0.000000 0.451486 0.000000 0.892278 1.000000 1.000000 1.000000
1938.285278 -0.518555 1393.154053 0.000000 -0.060297 0.000000 0.998181 1.000000 1.000000 1.000000
"}
object={
	name="zani_great_walls_wonder_entity"
	clamp_to_water_level=yes
	render_under_water=yes
	generated_content=no
	layer="monument_layer"
	entity="zani_great_walls_wonder_entity"
	count=2
	transform="3210.968262 -1.486084 2343.579590 0.000000 0.609796 0.000000 0.792558 1.802087 1.802087 1.802087
3229.274170 -0.944336 2332.410889 0.000000 0.545082 0.000000 0.838382 1.802087 1.802087 1.802087
"}
object={
	name="zani_ruins_01"
	clamp_to_water_level=yes
	render_under_water=yes
	generated_content=no
	layer="monument_layer"
	entity="zani_ruins_01_entity"
	count=4
	transform="1169.253296 -0.295776 1364.154541 0.000000 -0.770979 0.000000 -0.636860 1.729700 1.729700 1.729700
1956.601318 -0.422241 1451.249146 0.000000 -0.988178 0.000000 -0.153313 1.573954 1.573954 1.573954
2470.857422 -0.293579 1872.101196 0.000000 0.638889 0.000000 0.769299 1.000000 1.000000 1.000000
2471.196289 -0.273315 1871.051514 0.000000 -0.752954 0.000000 0.658073 1.000000 1.000000 1.000000
"}
